750
814 409
858 263
683 847
547 114
808 837
259 91
40 744
297 169
454 470
659 795
705 721
469 249
750 372
717 581
882 183
383 162
979 27
32 344
44 401
226 995
353 796
957 714
99 204
459 339
481 861
789 415
770 242
46 661
982 262
701 392
153 615
513 991
856 553
965 524
8 386
838 894
304 408
36 108
402 200
190 885
388 840
72 670
157 118
464 846
221 10
206 619
484 20
224 67
137 413
528 751
651 289
495 817
934 101
165 521
832 15
236 740
160 447
53 735
695 51
833 511
424 438
414 797
600 461
494 620
394 318
835 94
273 543
946 341
146 475
813 800
912 471
825 873
612 617
55 155
758 26
673 686
95 150
562 31
452 49
726 993
760 703
720 544
407 422
862 960
129 195
161 243
805 133
564 988
498 665
444 458
237 537
144 522
327 52
920 231
664 932
984 482
945 410
359 977
393
937 765
405 929
566 956
573 801
985 105
80 256
715 138
59 88
580 891
930 455
927 376
437 915
622 953
572 947
949 903
595 368
853 643
375 307
214 716
824 321
65 93
313
660 330
857 872
816 130
126 653
911 881
940 525
579 156
973 270
269 662
96 583
588
350 12
131 345
806 675
77
64 841
774 134
941 697
990 147
788 371
215 674
104 518
123 285
762 115
487 188
752 534
996 794
199 571
385 490
773 609
272
102 30
61 474
603 943
390 879
545 434
399 173
432 244
343 625
76 818
163 737
82 124
527 182
172 443
291 336
331 763
253 151
834 866
462
81
450
335 18
860
403 952
897 681
585 657
586 373
810 689
116 382
968 252
855
542 355
815
171 624
185 338
168 501
828 290
997
109
820
69 288
517 426
427 753
428 465
628 227
257 711
871 365
324 590
608 769
29
676 492
898 6
279
782 266
202
337 958
248 563
756
423
630 503
892 967
709 684
398 47
478 582
916 234
731 198
928 128
417 223
633 919
594
241
218 143
589 710
254
759 601
529 577
637 238
271 918
23
567
596
251
496 71
548 2
119 250
868 37
154
510 599
196
436
685 781
883 246
631 981
281
228
466 280
180 636
558 793
203
21
904 910
149
476 876
578 666
159
370
974 668
698 85
302
66 366
749 57
97 632
28
1
4
167
799
265
175 607
395 535
191 384
179
194
467
84 961
587 158
746
106
644
309
536
54 909
418 58
264 552
152 295
86 310
45
117 0
576
3
387
68 700
136
512 419
568 634
502
902 635
738
13
606
306 618
706
638
120
889
316
736
38
208
645
35
445 884
261
472
725
907
347
98
140
11
298
19
391
908
980 901
294
103
286
78
442
50
479
296
166
504
329
972
275
598 207
497
230
73
743
364
473
360
201
121
5
652
132
7
614
176
798 363
352
761
22
775
441
39
34
314
90
699 322
113
287
211
87
561
70
378
189
999 79
17
125
951
570
25
602
41
433
605
964
48
688
92
260
24
89
300
754
926
9
60
197
654
460
784
449 696
219
278
127
217
550
139
802
575
970
523 783
216
468
178
839
14
43
110
187
75
616
755
184
83
111
899
239
233
358
509
557
707
745
451
406
210
245
148
411
42
276
186
299
192
292
648
702
348
439
923
323
135
16
62
209
777
812
629
626
893
56
225
836
277
361
778
332
416
888
107
212
174
704
145
768
164
311
283
732
565
240
112
74
100
826
493
551
936
678
747
213
222
514
869
181
546
404
723
499
532
877
334
356
933
142
328
671
247
255
924
446
177
312
803
457
267
692
274
301
488
193
994
141
122
508
539
258
319
220
480
604
663
870
531
559
477
33
597
284
340
349
374
205
516
268
435
677
367
315
506
303
282
456
483
229
232
317
357
351
491
333
430
507
389
325
555
293
400
305
421
170
320
913
412
584
530
380
687
326
429
500
647
440
719
962
369
486
682
396
235
519
379
679
819
346
377
425
342
362
733
515
463
727
613
526
939
610
520
867
767
489
549
431
712
845
623
397
950
381
848
611
741
560
771
448
533
728
925
554
641
992
574
807
540
592
842
646
680
642
538
640
718
354
850
591
556
627
849
505
63
485
921
809
658
667
650
569
787
691
830
821
655
649
730
308
420
811
669
865
729
922
880
541
942
804
827
722
978
708
886
831
672
786
713
742
790
690
779
963
878
829
453
843
822
975
766
874
757
791
593
969
792
859
772
896
724
887
693
621
656
987
948
823
844
852
734
639
986
954
998
864
739
851
935
694
854
748
906
875
966
890
983
764
955
780
776
785
863
917
976
895
944
900
905
931
971
914
959
938
989
